02818756300064404918451023707485670325919669561941332119232523830208328398534678
20865439420276232967103468644925940909075892862609616144169309029307771932414755
59875401530322111025253246645179637739392022450257129408634171892477534058103297
59840336318710399999935868751968589599424135791119855412081690989178503225818223
45956189960078326864692723917233351008570351248501929492048394268854100203886541
39539343332366802519662645435801533073008970490453516648281440876544061621625703
12800334046923714202213457117648712210292592888871766217536213558252449852607558
08142025123769640639453657278177456464656888677406967909954181479994551541097556
08632467933914949455870908673805763825122302141553762743731818432155824886181936
70494585985375247346476776666537242065456789101252669052983411300754196008077054
56654566344428658397032008482217623589374177841693157853660840950833602455916292
21567904359461725109019416996861246583931925503687277830175678058856384921375043
74376725956294849505167640834526082617535478254543062616767473242992281132844568
59124685802765092590988389079782600118666222222281468908308742084987635434249476
85028751243034020640515505118260954779407303206530329878179368708924393643778665
20703472373671330234500209229861738799537478818689539102915037738450512858418917
53307432952833283489213389043265280956933942401179990241137100235167064346759090
92669483271490062373403628537976699550373443230975987472244752536870256393906012
20277574143107899557019610138490893160328235603336567645362324765570576239307099
75941097834413738392707720359971996066441343579290228666670077054518438595722700
